3.61	2.213	1.632	2.74	2.858	2.69	2.517	1.898	1.186	1.725	1.978
2.219	3.041	1.41	2.682	3.168	2.189	1.967	1.731	1.596	1.534	2.055
3.138	2.177	1.612	2.517	2.718	2.279	2.643	1.59	1.773	1.089	2.074
2.77	1.55	2.507	2.293	2.941	1.709	2.404	1.921	1.7	1.613	1.369
2.691	2.46	2.876	2.499	1.583	2.095	2.213	2.395	1.37	1.606	2.097
3.508	2.192	2.66	2.963	1.74	2.168	1.951	3.077	1.652	1.54	1.982
3.251	2.921	1.62	2.658	2.016	2.029	2.019	2.747	1.219	1.255	1.945
1.94	1.838	2.308	2.631	2.941	1.52	2.38	2.281	1.694	1.312	1.453
3.068	1.99	1.937	2.141	1.827	3.305	3.179	2.314	2.108	1.838	1.122
2.538	2.66	2.305	2.162	2.019	3.421	2.69	1.606	1.632	1.292	1.888
3.068	3.472	2.271	2.371	2.561	2.095	2.189	1.233	1.784	1.73	1.725
3.328	1.769	2.101	2.502	1.583	2.349	1.967	2.735	2.417	1.453	1.633
2.299	1.769	3.079	1.897	2.74	1.683	1.937	2.334	1.897	1.491	2.342
3.068	1.587	2.054	2.308	2.423	2.349	2.417	1.911	1.928	1.818	2.415
2.77	2.245	2.293	2.054	2.417	1.967	1.937	1.882	1.359	1.255	2.108
2.77	2.856	2.548	2.455	2.271	2.517	1.855	2.144	1.391	1.491	1.426
2.809	2.621	2.921	2.455	2.417	2.189	2.279	3.266	1.299	1.341	1.605
2.102	1.886	2.517	2.308	1.937	1.773	2.177	2.322	1.315	1.292	1.88
3.277	1.14	1.879	2.668	1.802	1.855	2.291	1.622	1.565	1.975	1.491
3.614	1.769	1.951	2.192	2.507	1.823	2.502	2.768	1.773	1.41	1.775
2.963	1.947	2.455	2.668	2.856	1.967	2.74	1.697	1.652	1.459	1.835
3.142	2.972	2.129	2.561	1.841	2.417	2.201	2.419	1.676	1.76	1.824
3.664	1.827	2.213	2.101	1.274	2.676	2.53	2.564	1.55	1.928	1.814
2.409	1.967	2.213	2.517	2.972	3.457	2.514	2.144	1.886	1.461	2.101
2.155	2.019	2.201	2.601	2.029	2.325	1.709	2.308	1.438	1.7	1.784
3.138	1.827	5.268	2.455	2.941	2.659	1.849	1.882	1.76	1.789	1.428
2.129	1.827	3.143	2.305	2.423	3.59	1.731	2.032	1.411	1.759	2.001
2.69	2.279	2.845	2.548	2.919	1.911	1.522	1.029	1.76	2.145	1.915
2.905	2.338	2.248	2.571	2.74	1.461	1.841	1.911	1.694	1.583	1.505
2.423	2.054	3.082	2.271	2.054	2.447	1.949	1.951	0.98	1.45	1.769
2.38	2.095	2.447	2.393	2.548	2.087	1.391	2.43	1.37	2.108	2.051
3.129	1.855	3.082	2.396	2.393	2.3	2.116	2.3	1.76	1.99	1.767
2.239	2.177	2.325	2.631	2.168	3.301	1.47	1.993	1.894	2.065	2.059
3.096	2.192	2.447	2.46	2.282	2.325	1.697	2.826	1.499	1.486	1.994
2.815	1.329	2.762	1.52	3.322	1.302	1.029	2.479	1.47	1.915	1.788
2.972	2.064	2.756	2.737	2.548	2.324	1.754	1.697	2.074	1.28	1.736
2.775	1.941	2.756	2.803	2.305	2.371	1.949	2.179	2.074	2.058	1.835
2.507	1.162	2.399	2.141	1.55	2.177	2.347	1.988	2.26	1.425	2.109
2.051	1.961	1.622	1.937	1.481	2.189	2.37	2.001	2.157	1.54	1.884
2.054	2.293	2.703	2.349	2.201	2.745	1.293	2.485	1.915	1.881	1.922
1.941	1.632	2.293	1.743	2.507	2.141	1.697	1.876	1.784	1.198	1.839
2.46	2.305	2.325	2.305	1.827	2.177	1.285	1.779	1.572	1.644	1.835
2.436	1.632	2.57	2.324	1.827	1.823	1.845	2.116	1.938	1.881	1.74
2.651	2.054	2.381	2.239	2.279	2.101	1.968	1.882	1.496	1.949	1.54
2.745	2.624	2.43	1.99	2.371	2.168	2.114	1.875	2.015	1.824	1.802
1.993	1.967	2.906	2.548	1.967	2.064	1.995	1.762	1.481	1.709	1.881
1.725	2.051	2.065	2.245	2.604	1.855	1.949	1.456	1.915	2.225	1.694
2.465	1.632	2.703	2.604	2.584	1.372	2.271	1.938	1.379	1.709	1.76
1.74	1.386	2.83	2.347	2.404	2.869	1.817	2.633	1.7	1.86	1.81
2.67	1.951	2.465	1.886	2.279	2.177	2.095	1.762	1.354	1.661	1.62
2.849	1.713	3.67	3.419	2.168	2.019	2.525	1.882	2.055	2.815	1.644
2.291	2.129	2.001	1.841	2.523	2.168	1.835	1.829	1.596	1.737	1.88
2.735	2.064	3.225	2.293	2.682	1.459	1.622	1.993	1.975	1.652	1.169
1.941	1.937	1.911	1.947	2.756	1.941	2.123	1.882	2.101	1.274	1.453
2.129	2.621	2.911	3.041	2.905	1.743	1.898	1.973	1.789	1.301	1.415
3.166	3.193	2.921	2.905	1.802	2.338	1.811	1.59	2.15	1.233	1.802
2.016	2.101	2.417	2.584	1.769	1.941	2.001	2.541	1.483	1.7	1.456
2.507	2.489	2.703	2.46	1.52	1.91	2.3	2.069	1.311	2.234	1.645
2.213	2.279	3.096	2.756	1.644	2.12	1.875	2.399	2.121	1.849	2.092
2.436	2.415	2.058	2.293	2.548	2.347	2.903	1.493	1.534	1.915	1.62
2.759	2.548	2.3	2.279	1.481	1.78	1.841	1.697	1.661	2.142	1.652
2.905	2.201	1.692	2.396	2.177	1.841	2.375	1.522	1.152	1.54	1.425
2.561	2.499	1.849	2.168	2.101	1.74	1.754	2.229	0.847	2.225	1.856
2.67	2.338	2.051	2.101	2.054	1.827	2.408	1.731	0.89	1.479	1.644
3.322	2.054	2.001	2.347	1.743	1.869	1.606	2.447	1.438	1.788	1.261
2.745	2.189	2.541	1.886	2.393	1.937	2.334	2.281	1.378	1.773	1.743
2.561	2.759	2.615	1.879	1.632	2.08	1.841	2.271	1.315	1.789	1.71
3.445	1.802	2.783	2.393	1.769	1.773	2.537	2.229	2.052	2.609	1.824
3.227	1.99	2.281	2.239	2.624	1.947	2.548	1.973	1.096	1.453	1.595
2.956	2.417	3.175	2.745	1.99	1.74	2.584	2.184	1.351	2.144	1.691
3.058	2.831	2.439	2.965	2.51	2.054	2.499	2.485	1.046	2.021	1.632
2.019	2.439	2.709	2.08	2.436	2.338	3.034	2.917	1.255	2.192	1.869
2.324	1.784	1.838	3.209	1.529	2.604	2.67	2.308	2.165	2.074	1.496
2.502	1.99	2.38	2.447	2.177	2.604	3.017	3.136	1.709	1.897	1.74
2.338	1.941	2.643	1.941	1.74	1.869	2.972	2.395	2.157	1.584	1.23
1.644	2.213	2.08	2.054	1.838	2.66	2.599	2.017	2.37	1.453	2.472
2.651	1.855	2.162	2.439	2.349	2.15	2.745	1.493	2.862	1.06	1.866
2.213	1.659	2.064	2.745	2.51	2.101	3.199	1.982	1.928	2.561	1.096
2.349	2.347	2.349	1.441	2.213	2.162	3.144	1.633	1.426	2.101	1.261
2.349	1.802	2.548	1.838	1.967	2.101	2.189	1.624	1.124	4.011	2.199
2.404	2.245	2.682	1.784	2.054	1.694	2.856	1.644	1.483	1.483	1.888
2.584	1.486	2.66	2.338	2.165	2.912	2.756	2.067	1.265	1.529	1.369
1.784	1.769	2.291	2.682	3.191	2.561	2.584	1.541	1.656	1.81	1.402
2.851	2.029	2.599	3.788	1.879	2.051	3.365	1.938	1.661	1.583	2.337
2.279	1.74	2.737	2.054	2.601	2.396	2.439	1.867	1.915	1.534	1.486
2.189	1.802	2.959	1.941	2.279	1.802	3.56	1.597	2.38	1.766	1.064
2.12	2.651	2.291	2.279	2.248	2.499	2.054	1.882	1.744	1.486	1.915
2.245	2.162	1.855	3.152	2.51	1.709	1.961	1.709	1.529	1.962	1.949
2.192	2.499	2.624	2.599	2.393	1.499	3.068	3.006	1.534	1.372	1.894
2.417	1.595	2.709	2.782	2.396	2.016	2.579	1.973	1.737	1.425	2.055
1.855	2.502	2.643	2.67	2.016	1.941	2.293	2.616	1.572	1.71	2.199
2.213	2.349	2.239	2.439	2.129	2.631	2.417	2.243	1.652	1.985	1.934
2.499	2.51	2.631	2.67	2.168	2.502	3.239	1.921	1.45	2.314	2.101
1.802	2.129	2.213	2.849	2.507	2.631	3.009	1.882	1.633	2.546	1.694
2.561	2.271	1.934	3.352	3.199	1.211	2.991	1.829	2.101	2.016	1.589
2.815	2.417	1.802	3.239	2.885	2.039	1.99	1.968	1.733	2.26	1.33
2.885	2.682	2.439	2.972	2.921	1.802	3.721	2.058	1.821	2.043	1.147
2.092	2.129	3.058	2.718	2.621	1.91	2.548	1.731	2.127	2.101	1.821
2.815	2.682	2.092	1.802	2.735	1.441	2.53	2.3	1.998	1.534	1.568
2.168	2.523	2.919	2.921	2.141	2.092	2.404	2.347	2.764	2.129	1.106
2.279	2.349	3.788	2.599	2.165	1.941	3.079	2.334	1.479	2.102	1.481
2.248	2.213	2.371	2.876	2.51	1.897	2.709	2.102	1.767	2.268	1.709
2.245	2.38	2.293	2.436	1.713	1.99	2.248	1.921	1.064	2.297	1.975
1.709	2.349	2.349	2.349	2.054	2.051	2.308	1.423	2.141	2.82	1.817
2.682	2.054	3.322	1.529	2.054	1.855	2.46	1.949	2.434	1.605	2.339
2.349	2.668	2.67	2.177	2.404	1.683	2.447	1.686	2.229	2.345	1.835
2.548	2.876	3.16	2.092	2.054	1.55	1.99	2.065	1.881	1.994	1.74
2.189	3.319	2.831	2.856	2.054	1.838	2.571	2.142	1.718	2.245	1.614
2.499	2.447	2.709	1.838	2.282	2.239	2.141	2.301	2.029	1.827	1.71
3.16	2.349	3.028	2.991	2.517	2.142	2.256	2.032	1.429	1.621	1.723
2.162	2.016	2.436	2.69	1.709	2.137	1.967	2.762	1.775	1.576	1.576
1.233	1.941	2.192	1.802	1.941	1.779	2.308	2.157	1.99	2.145	2.058
3.217	2.349	2.682	2.499	2.709	1.285	1.773	2.055	2.46	1.633	1.589
4.241	1.951	2.548	2.447	2.991	1.569	2.248	2.301	1.311	1.978	1.936
2.69	2.262	1.967	2.279	2.735	1.378	2.561	2.032	1.915	2.342	2.117
2.499	2.417	2.415	1.78	2.417	1.762	2.256	1.47	1.377	2.548	1.821
3.225	2.054	2.455	2.054	1.99	2.111	3.241	1.512	1.773	2.181	1.737
1.947	2.12	2.324	2.465	2.279	2.026	3.028	2.111	1.369	1.543	1.52
2.101	1.334	2.745	1.993	2.213	1.697	2.192	2.069	2.28	1.994	1.814
2.51	2.517	2.759	2.371	2.291	1.335	2.15	1.813	2.881	2.396	1.62
2.092	2.349	2.507	2.51	2.192	2.485	2.239	1.14	1.818	2.66	1.849
2.039	2.517	1.886	2.548	2.51	1.679	2.883	1.597	2.523	2.803	1.802
2.959	1.91	2.308	2.101	2.15	1.47	2.192	2.017	1.668	2.587	1.576
2.775	2.69	2.396	3.211	2.165	1.633	1.769	2.417	1.988	2.271	1.335
2.016	2.905	2.53	2.756	2.213	2.016	3.227	1.633	1.019	2.544	1.223
2.213	2.393	2.46	2.349	2.773	2.417	3.217	1.817	1.345	1.555	1.379
2.447	2.517	2.756	2.213	2.584	2.404	1.62	1.576	1.486	1.676	1.533
1.961	2.499	2.571	1.838	2.168	2.192	2.905	1.512	1.775	2.162	1.354
1.941	2.523	2.631	2.417	2.393	2.177	3.319	1.271	2.172	1.99	1.853
2.668	3.058	4.894	2.447	2.963	2.262	2.293	1.368	2.039	1.894	2.37
1.55	2.447	3.788	1.937	1.99	1.941	2.162	1.56	1.572	1.849	1.606
1.99	2.682	4.002	2.601	2.213	2.604	2.404	2.577	1.438	1.55	1.799
2.064	2.858	2.101	2.423	2.396	2.189	2.869	1.845	2.57	1.928	1.596
2.095	2.282	3.487	2.039	2.404	2.51	2.293	1.66	2.567	1.251	1.894
2.517	2.239	3.712	2.883	2.291	2.064	2.447	1.66	1.949	1.568	1.824
2.349	2.165	2.858	2.815	2.393	2.517	1.6	2.243	1.496	2.243	2.262
2.502	2.756	2.991	2.709	2.165	1.533	1.827	1.541	2.072	1.456	1.684
2.129	2.141	2.517	2.371	1.74	1.694	2.621	2.039	1.565	2.166	1.887
2.12	2.517	3.774	1.784	1.644	1.632	2.192	1.512	1.292	2.065	1.894
3.56	2.465	2.177	2.347	1.632	2.69	2.856	1.982	2.019	1.77	1.936
3.16	2.15	2.883	2.291	1.941	1.802	1.961	1.642	1.299	1.994	1.606
3.969	2.499	3.989	2.308	2.019	2.192	1.683	2.492	1.661	1.733	1.576
1.934	2.417	3.679	2.404	2.12	1.694	2.248	1.898	1.902	1.733	1.802
2.404	2.279	2.38	1.99	1.583	2.162	1.713	1.938	1.175	1.91	1.897
2.308	2.709	2.279	2.46	2.092	1.709	2.349	1.803	1.481	2.074	2.269
2.919	2.631	2.548	2.815	2.822	1.254	2.782	2.144	1.74	1.312	2.361
2.651	2.548	2.165	2.465	2.439	1.612	1.941	2.301	1.504	1.869	1.714
2.465	2.599	2.177	2.794	2.293	1.329	1.941	1.533	1.354	1.583	2.097
2.499	2.819	2.66	2.548	2.53	2.604	1.612	1.614	2.275	1.77	2.222
2.415	2.883	2.631	2.499	2.745	2.831	1.838	1.576	1.351	1.775	2.058
2.548	2.465	1.709	1.725	2.347	1.934	2.53	1.656	1.965	1.869	1.766
3.068	2.349	1.486	1.937	2.584	1.838	1.583	1.898	1.769	1.683	1.664
4.129	2.168	1.368	2.248	1.55	1.595	2.256	1.25	1.299	1.6	1.572
1.632	2.658	2.051	2.349	1.855	1.612	2.168	2.371	1.325	1.641	1.299
2.465	2.396	1.838	2.476	2.101	2.46	1.329	1.534	1.584	1.86	1.37
2.745	2.201	1.709	2.379	2.347	1.74	2.423	1.131	1.425	2.087	1.47
1.99	2.455	2.054	2.976	2.46	2.67	2.338	1.88	2.417	1.556	1.486
1.802	2.447	1.486	3.785	2.101	2.054	1.428	1.938	2.64	1.286	2.213
2.709	2.282	1.743	2.605	1.838	2.682	1.855	1.709	2.237	1.86	1.788
3.336	2.991	2.349	2.495	1.481	2.499	1.937	1.737	1.898	1.838	1.818
2.293	2.349	2.054	3.011	2.213	2.162	2.347	1.312	1.62	1.429	1.863
1.897	2.756	2.291	3.084	2.349	1.784	1.62	1.571	1.821	1.88	2.097
1.869	2.054	1.827	2.96	2.393	1.841	2.51	1.481	1.391	2.111	2.058
2.415	2.507	1.587	2.452	2.019	1.334	2.282	0.998	1.391	2.399	1.388
2.201	2.775	1.55	2.908	2.092	2.439	2.308	1.328	2.15	1.633	1.633
2.436	2.517	2.404	2.423	2.561	2.371	2.66	1.462	1.335	1.595	1.425
2.69	2.293	1.709	2.605	1.961	2.262	1.937	1.518	1.531	1.653	1.811
2.308	2.624	1.937	2.452	2.248	1.827	2.561	1.627	1.656	1.958	1.613
1.886	3.096	2.702	2.452	1.838	2.213	1.897	1.391	1.817	1.811	1.78
2.735	3.305	1.486	3.233	2.308	2.016	1.78	1.257	1.491	1.453	2.339
2.631	2.718	1.802	2.96	2.921	2.08	2.168	1.702	1.329	1.823	1.838
2.447	2.756	1.947	2.741	2.347	1.368	2.423	1.298	1.335	1.894	2.09
2.803	3.227	2.851	3.684	2.347	1.486	1.52	1.122	1.63	1.713	1.71
2.718	2.561	2.168	3.126	2.46	1.838	3.009	1.242	1.565	1.529	1.517
1.886	3.096	1.52	3.233	2.548	1.937	1.99	1.532	1.496	2.036	1.496
2.165	3.419	2.436	2.928	2.039	2.756	2.447	1.378	1.71	1.505	1.733
3.077	2.831	1.951	2.928	3.135	1.713	1.937	1.363	1.572	2.065	1.74
2.054	2.347	1.659	2.299	2.347	1.967	3.209	1.701	1.54	1.766	1.958
2.51	2.599	2.15	2.457	2.396	2.489	2.213	1.151	1.652	1.744	2.036
2.213	2.279	1.632	3.371	1.838	2.165	2.991	1.179	1.814	1.54	1.28
2.803	2.658	1.91	2.569	2.016	2.404	2.668	1.411	1.54	1.86	1.209
2.782	2.213	2.054	2.457	1.934	2.039	2.507	1.786	1.894	1.869	1.453
2.815	2.499	2.901	3.099	2.101	1.74	2.599	1.72	2.087	1.47	1.677
2.876	2.66	1.91	2.928	1.78	2.279	2.502	1.781	1.45	1.708	1.391
1.62	1.694	3.223	2.495	1.941	2.054	2.039	1.65	0.97	1.369	1.951
2.15	1.961	2.192	3.996	2.404	2.455	2.423	1.556	2.629	1.58	1.882
2.548	2.248	4.203	3.385	2.499	2.415	2.213	1.51	1.533	1.531	2.067
2.279	2.599	3.068	2.74	2.201	1.869	2.371	1.21	1.407	1.86	1.633
1.709	2.141	3.096	2.065	1.897	2.324	2.282	1.36	1.425	1.821	1.985
2.291	2.876	2.599	3.143	1.802	2.718	2.019	1.122	1.478	1.517	1.55
2.177	1.855	2.192	2.375	2.423	2.141	2.682	1.65	1.7	1.481	2.09
2.308	2.349	2.177	2.804	1.947	1.62	1.827	1.516	1.762	2.051	1.54
1.993	2.584	2.095	3.319	1.713	1.694	2.308	1.84	1.968	1.775	1.881
2.561	2.782	2.279	2.67	2.101	2.016	2.12	1.481	2.609	1.694	1.614
2.465	2.338	3.166	3.935	2.69	2.092	2.019	1.577	2.571	2.53	1.818
2.417	2.579	2.523	2.43	2.794	2.455	2.15	1.459	2.364	1.55	1.73
2.262	2.941	2.168	2.67	2.69	2.192	2.092	2.016	2.716	1.99	1.898
2.347	2.561	2.064	3.367	2.308	2.213	2.523	1.328	2.184	1.855	1.459
1.644	1.855	2.858	2.83	3.419	1.587	2.905	1.423	2.058	1.827	1.345
2.029	2.718	2.054	2.762	2.651	1.334	1.499	1.233	2.229	1.99	1.173
